               0  0               
              00  00              
             000  000             
            00 0  0 00            
           00  0  0  00           
           0   0  0   0           
           0   0  0   0           
        000000000000000000        
       00  0   0  0   0  00       
       0   0   0  0   0   0       
       0   0   0  0   0   0       
    00000000000000000000000000    
   00  0   0   0  0   0   0  00   
  00   0   0  00  00  0   0   00  
 00    0   0 00    00 0   0    00 
00000000000000      00000000000000
       0   0          0   0       
       0   0          0   0       
00000000000000      00000000000000
 00    0   0 00    00 0   0    00 
  00   0   0  00  00  0   0   00  
   00  0   0   0  0   0   0  00   
    00000000000000000000000000    
       0   0   0  0   0   0       
       0   0   0  0   0   0       
       00  0   0  0   0  00       
        000000000000000000        
           0   0  0   0           
           0   0  0   0           
           00  0  0  00           
            00 0  0 00            
             000  000             
              00  00              
               0  0               